10 + 5

my_var <- 3
my_var <<- 3

3 -> my_var
3 ->> my_var

my_var


2 ^ 5

5 %% 2
15 %% 2